image_width: 640
image_height: 480
camera_name: camera_right
camera_matrix:
  rows: 3
  cols: 3
  data: [366.7931 ,   0.     , 335.25275,
           0.     , 363.30845, 242.84735,
           0.     ,   0.     ,   1.     ]
distortion_model: plumb_bob
distortion_coefficients:
  rows: 1
  cols: 5
  data: [-0.303038, 0.069516, -0.004737, -0.000955, 0.000000]
rectification_matrix:
  rows: 3
  cols: 3
  data: [1., 0., 0.,
         0., 1., 0.,
         0., 0., 1.]
projection_matrix:
  rows: 3
  cols: 4
  data: [259.02866,   0.     , 339.14139,   0.     ,
           0.     , 304.01501, 239.02028,   0.     ,
           0.     ,   0.     ,   1.     ,   0.     ]
